{
  "x": 346,
  "y": 2603.0166015625,
  "width": 390.6499938964844,
  "height": 78.40000915527344
}