{
  "x": 0,
  "y": 4959.08349609375,
  "width": 1908,
  "height": 542.183349609375
}