{
  "x": 0,
  "y": 5575.38330078125,
  "width": 1908,
  "height": 542.183349609375
}