{
  "x": 0,
  "y": 3810.699951171875,
  "width": 1908,
  "height": 542.183349609375
}