{
  "x": 0,
  "y": 5070.68310546875,
  "width": 1908,
  "height": 542.183349609375
}