{
  "x": 706,
  "y": 3569.816650390625,
  "width": 856,
  "height": 1000.4000244140624
}