{
  "x": 474,
  "y": 2217.816650390625,
  "width": 960,
  "height": 76.80000305175781
}