{
  "x": 0,
  "y": 4504.39990234375,
  "width": 1908,
  "height": 542.183349609375
}