{
  "x": 0,
  "y": 5600.283203125,
  "width": 1908,
  "height": 542.183349609375
}