{
  "x": 0,
  "y": 6950.16650390625,
  "width": 1908,
  "height": 542.183349609375
}