{
  "x": 0,
  "y": 6976.466796875,
  "width": 1908,
  "height": 542.183349609375
}