{
  "x": 0,
  "y": 4738.0166015625,
  "width": 1908,
  "height": 542.183349609375
}