{
  "x": 0,
  "y": 7135.86669921875,
  "width": 1908,
  "height": 542.183349609375
}