{
  "x": 0,
  "y": 5173.56689453125,
  "width": 1908,
  "height": 542.183349609375
}