{
  "x": 0,
  "y": 3289.683349609375,
  "width": 1908,
  "height": 542.183349609375
}