{
  "x": 0,
  "y": 6964.36669921875,
  "width": 1908,
  "height": 542.183349609375
}