{
  "x": 0,
  "y": 4981.68310546875,
  "width": 1908,
  "height": 542.183349609375
}