{
  "x": 0,
  "y": 5802.61669921875,
  "width": 1908,
  "height": 542.183349609375
}