{
  "x": 0,
  "y": 1211.699951171875,
  "width": 1908,
  "height": 542.183349609375
}