{
  "x": 0,
  "y": 10373.849609375,
  "width": 1908,
  "height": 542.183349609375
}