{
  "x": 0,
  "y": 5306.60009765625,
  "width": 1908,
  "height": 542.183349609375
}