{
  "x": 0,
  "y": 8717.9501953125,
  "width": 1908,
  "height": 542.183349609375
}