{
  "x": 0,
  "y": 10348.400390625,
  "width": 1908,
  "height": 542.183349609375
}