{
  "x": 0,
  "y": 10465.9169921875,
  "width": 1908,
  "height": 542.183349609375
}