{
  "x": 0,
  "y": 6976.5166015625,
  "width": 1908,
  "height": 542.183349609375
}