{
  "x": 0,
  "y": 8056.7333984375,
  "width": 1908,
  "height": 542.183349609375
}