{
  "x": 0,
  "y": 6098.433349609375,
  "width": 1908,
  "height": 542.183349609375
}