{
  "x": 0,
  "y": 5339.06689453125,
  "width": 1908,
  "height": 542.183349609375
}