{
  "x": 0,
  "y": 7123.7666015625,
  "width": 1908,
  "height": 542.183349609375
}