{
  "x": 0,
  "y": 3816.566650390625,
  "width": 1908,
  "height": 542.183349609375
}