{
  "x": 0,
  "y": 10348.2998046875,
  "width": 1908,
  "height": 542.183349609375
}